78.66241250686488 68.04963313221288 2.742584401268396 Green
79.96038684931369 56.43114947462918 2.9744888763557804 Green
34.6634858221448 83.26438027495455 -1.0704592344205737 Blue
47.52287491815994 74.0880149162695 0.10384190276451981 Red
44.40398438115663 84.00378772700871 -1.1481748823353 Blue
79.91283479396763 62.45148282496588 2.8535340616629337 Green
76.27738223912236 30.062888648363298 -1.4615677093624555 Blue
82.81912864833275 77.42010091107177 2.6726458074626693 Green
68.27167264969039 65.80151117123513 2.6245134215187624 Green
84.35399375146413 111.16640336749508 2.3511268452588823 Green
47.0027295951007 78.01227478013024 -0.3189778204376573 Purple
61.440727943478834 64.49102129368737 1.900112336400547 Muddy
12.11283638702297 28.854219409039576 -1.0112330406803913 Dark
33.69916446827191 51.60913638356904 -0.02225279025411709 Red
2.241108221927906 9.22947179685661 -0.0033972289285449653 Black
29.445973652872716 21.07646995125343 -2.824095263186583 Gray
49.88001426546539 67.63524625523681 -1.2977530020864045 Blue
41.67330324672783 52.149281899684546 2.5346979542723624 Green
18.55164756467108 41.7730350863271 -0.5676052205072873 Purple
50.16761642693662 38.86679183185896 -0.5456561115966815 Gray
44.06679774925466 15.512430649509161 2.3889600543782823 Green
78.74636604673303 80.90334015231946 1.4598855918516973 Orange
74.32557939971119 82.2413854934918 2.525757241692527 Green
67.4321990603344 41.98591717366307 -1.431533294550901 Blue
89.18772196438584 49.29518801143773 -3.078445394431177 Green
47.77485481149565 79.4265144397277 0.7254999623853365 Red
72.17341171846344 36.29823991409214 2.7883341081757234 Green
75.13409499592893 60.191466758059 2.816398604271587 Green
50.524799938791105 22.530767377404388 0.1208254817353692 Dark
38.53019692956695 103.07419430540281 -0.9746748683599917 Blue
62.61913439809193 65.08504792757977 1.416013009100439 Orange
92.17155126616245 7.708187452832883 3.073102630797935 Gray
86.14461742620524 21.22162354830813 -2.7626783371964097 Cyan
78.6757846037108 38.65282374730398 2.9103093877371418 Green
63.30398334261592 39.64575652995939 -1.9386641927278436 Blue
74.30298190818107 43.52578603994672 1.2000699874237872 Tan
83.79400956392753 20.033490439651562 1.7905063138660613 Tan
69.25352520177016 58.1012970565247 0.9677380881983589 Orange
58.66027440036923 19.132799957901234 -1.913997617674787 Green
62.36410421702688 33.26641582873835 -1.8839568819402306 Blue
85.02018686207735 71.06015996656589 2.011552627700201 Yellow
31.662031049913807 14.278131818841999 -1.7840584899440568 Slate
76.6067599060255 47.74128016799133 -3.102458176936959 Green
67.60577336999876 23.130814415139167 2.2333555256541375 Tan
25.629243414017644 83.33084571608673 -0.8202147288658465 Purple
49.08607352239079 71.23087526936179 0.6411460112798147 Red
63.964137514303886 18.096005465487515 -2.68955846334391 Slate
77.96471097732578 57.287533241312225 2.802549631328737 Green
88.35060612033821 79.29381834430384 2.1662079856783816 Yellow
85.1395583025602 31.8793418030929 2.112956956776433 Tan
52.86373870795212 65.17039532143423 -0.7806903123173254 Purple
68.16445382318804 22.36111539106266 1.8419138720528938 Tan
64.51203106625158 48.63460870444217 -1.593437957950517 Blue
85.63965814122848 72.85630912750916 2.752051211059152 Green
71.52574547334831 30.43118958967077 -0.5003453320882814 Purple
59.91068905329999 27.26222181941879 2.7586711918768625 Green
71.89990009634226 74.92332468458152 1.9785825865259028 Orange
73.39370988152423 39.870610129887616 -2.6275736523586275 Cyan
91.04590861410928 18.567123382712396 1.8501201999358567 Tan
74.41363928911265 67.42338188747628 1.5626401678199442 Orange
55.70614198481945 43.9606781693128 -1.6681012517757896 Blue
64.67875956334979 41.69460451164753 1.3950975114197042 Tan
77.05143952657961 38.19749485080923 -2.303880768419571 Blue
94.9001247349269 91.43919787648497 1.8518892552462338 Yellow
22.444975971473767 35.24782401004719 1.1392622428756027 Black
66.10818435431824 40.98588826633827 -1.9455601188838312 Blue
54.44602576405448 82.40803038453294 0.66489555895424 Red
71.8855211844243 39.79737238140484 3.0330677744736887 Green
46.56797501188603 92.9840763028452 -0.8736882291506479 Purple
65.1872233417463 51.5085906226082 -1.623193558785534 Blue
67.35417760902934 42.79546314884013 2.101894831520686 Tan
50.55765806757043 32.91267622198715 -1.6063546351284792 Blue
46.34900384682165 24.690351217933745 -2.0335838623053615 Slate
37.68127877226856 50.57713550377376 0.020901909704130806 Red
62.147588143637066 37.95194392155001 -2.9932505418975284 Green
45.091853092053675 85.4259451549934 -0.45619934593615497 Purple
29.41672271723091 41.58725851415001 -1.0791340576685036 Blue
36.06409280508017 6.052591384566576 -1.8264759764064666 Gray
34.37939592858532 62.866432399669236 0.4991098665216058 Red
56.947228315855355 59.764995718679 -0.04572264087220606 Pink
28.5026004866875 39.617481137590225 1.1920595699710943 Brown
39.36665404627764 47.16427543161977 0.971880257885122 Red
40.960634715265705 14.546816127746142 -2.6044051407461675 Slate
90.11229070459595 29.96664876029233 -3.032843585551001 Cyan
42.8806758499215 55.10818838332656 -0.8633323001471656 Purple
71.25464312672528 90.99009124998729 2.4421691594139765 Green
69.46679932586976 21.193830317906087 2.695622047968553 Tan
30.412139348207447 72.85244292505193 -1.0977460677602822 Blue
59.88890639807617 24.35536182801053 -2.3030699747093495 Green
54.65890559805629 18.39904929993967 -2.1265983918332 Gray
66.06567865638735 30.27007217727302 -1.950836064015319 Blue
48.35860408914803 58.26055481683933 -0.6859367967783638 Purple
41.904364012033284 88.10247946923963 -1.1109101036198874 Blue
76.17932959182592 100.66369054238174 2.355522110867466 Green
62.93253686526572 62.848027789486345 1.1297433575903844 Orange
74.63901486465028 6.549675217926711 0.9707587532129648 Gray
66.288420820562 48.73207851585841 -1.7259255611965871 Blue
49.504116448424625 79.67621006518827 0.7574253528006434 Red
58.573914921936904 61.23000801362925 0.9143425207496056 Red
52.4176487263952 80.41971039312105 0.7257978007769995 Red
46.25029491018521 65.8570314526764 -1.2484490066130043 Blue
34.526046903159774 46.93150615478636 -0.9964235283441806 Purple
87.32502480659332 82.73534900313909 2.206024461608962 Green
65.87201414216257 74.74929516597888 1.1641760793252982 Orange
71.72003003526054 44.23988953503377 -1.9938793852569718 Blue
20.75470882316869 25.244676853103766 1.4275192801483634 Black
38.86477586997011 74.78066817656195 -0.8932986112711313 Purple
94.4635060346051 8.564184848866887 -2.7362379656736433 Gray
55.19084122830415 57.1947483638511 -1.3729908289697752 Blue
51.40173479158187 30.357102011161825 -2.700988586268272 Green
42.292066725216046 20.509363972222864 -0.6178226497002008 Gray
63.63318833254567 59.885868334627155 1.661136862837945 Orange
19.91814113035811 14.211349495740114 2.71873475248481 Black
64.5844728414596 35.14675211712986 -2.488486148417347 Green
50.692337586730375 29.548576770651437 -2.327761144408986 Blue
82.47406199547896 85.59671403606342 2.552677885755431 Green
72.38283272499372 47.36022745240791 -0.6736943456428186 Purple
51.86052798525526 52.35149682424659 -0.7466448702751378 Purple
81.74118472274455 13.241462948296626 -2.559044871617399 Gray
50.152650195979575 79.83034183048447 -0.17403504130034025 Purple
49.68095465096931 97.79228484891395 -0.5374232908377634 Purple
71.28412604195285 35.09501607732557 -0.4713885849447167 Gray
85.73562738857343 51.16691881241408 2.3590731757297227 Green
39.46987452689587 27.574158049472345 0.6361173765900618 Brown
37.85174005837132 72.272210252992 0.719223434201577 Red
31.755108307529994 53.71695516136829 -0.10106791666620756 Purple
50.38593830398649 58.291856319902436 2.532676455622491 Green
57.32674777029169 12.61092485132893 1.4662853311502477 Tan
76.74048834468981 15.436374699750749 -2.2912627996596884 Cyan
52.64916477222381 30.493088931686405 -2.160218059216932 Blue
19.763880528956314 27.148951828277838 -1.3956267837503513 Dark
37.36366687228175 88.35750784861118 -0.649324336729869 Purple
84.46258012490956 38.187505720071044 1.3527724843779971 Tan
46.33449735047958 38.246893678461035 -0.3437245443395772 Slate
39.398057135405246 66.02916938695745 -0.011454860986490987 Red
46.91368396538898 71.16705880315828 0.28780760066719746 Red
74.6408133692486 77.68913997586182 1.4800863717840507 Orange
83.59342835530066 43.69784356167497 1.7473425457758034 Tan
86.3490940973474 13.927710485501535 -3.032994409217719 Cyan
67.4172384317767 66.63657295008444 1.2735518762524523 Orange
64.10239342600829 46.16326406745423 -1.7885849216620255 Blue
13.0439731891986 25.107625127057155 0.47694639925365956 Black
80.73506968126166 50.9827415431366 -3.1396368046039886 Green
85.35642250956002 41.81032094893104 1.7965338260636892 Tan
89.2172582869589 87.0210303355888 1.6577582725325541 Yellow
58.9419007183847 62.784668164480095 -0.9030537317259393 Blue
61.05415908081879 52.04397136311917 -1.4740085156517884 Blue
24.673981995908385 56.387624434877424 -0.44414414177900874 Purple
83.80990700274052 43.34846927537218 2.837647354666834 Green
71.85993693614043 10.45813770772589 -2.4253013667039696 Slate
75.97314899197114 38.48976280394498 -2.1297601717973595 Blue
71.04740840959731 75.68992920428907 2.194825378900993 Muddy
52.15627342830962 70.44781245158201 -1.1806058854466626 Blue
16.53496343368022 44.05308670615351 -0.7692741112184399 Dark
30.59757565179769 16.1756911684677 -2.8683073250831947 Dark
85.69182331792223 84.0922814652362 2.5008281637610192 Green
35.500032314799455 27.149638968098596 0.26109596121982337 Dark
60.914153902655 13.203518438025146 -1.5643444338335666 Gray
43.11261701015803 39.444248095042525 -1.5371802248799638 Blue
79.68861430047481 23.81711289478766 -2.7492685941457538 Slate
83.42197442939998 46.05203065836942 -2.9454222776075145 Cyan
66.80364254501126 45.1811488004543 -1.8373699410195328 Blue
57.67654556097793 76.67086349385431 -0.8422049513062804 Purple
51.65223433920528 70.47703619114837 -0.582821833883348 Purple
49.426898342343364 24.544333604434108 2.062869476648882 Muddy
71.18782183228673 32.44250128102993 -2.0672897962336148 Blue
55.03409703320216 79.05971034766296 2.3766556217836072 Green
77.48257063630264 47.92248118126218 1.1588203378490096 Pink
68.31201063341564 56.630651076181834 1.6514087488157778 Tan
64.6441480896302 70.31356442810315 -0.7650250191203685 Purple
51.05407892361512 73.66334180262275 -1.1997456208127888 Blue
70.8752257838085 69.46717729919845 1.9346525110864436 Muddy
90.45564341795372 90.27270528841095 1.7241188787017836 Yellow
50.71681018379992 31.622887135551842 -1.6547306041668013 Green
50.66727408029017 34.46218987023927 -1.2208180761627756 Blue
73.47174050765982 66.92710120219135 2.3351588315861154 Green
40.53750679281145 32.10303406379178 -1.8116918419112986 Blue
26.152588056522156 37.27337044130414 -1.3762922959047499 Blue
88.25446282523377 88.18403596911678 1.6514933377327483 Orange
72.12963405804092 15.235019818002087 3.1457925201520753 Gray
90.35154595288172 43.640755793546084 -2.8711832129194814 Cyan
71.78056915300138 66.85986236655133 1.6940939805960422 Orange
67.78569188501064 29.016577617273303 -1.5829568532005927 Blue
87.91514598302342 36.95544901439233 -2.625528514046688 Blue
76.84177134530836 49.599896949153326 1.1683382734202956 Pink
66.01424789767178 25.040570514807982 -2.2217258217362676 Blue
33.25667577424669 57.53098684630688 0.052862536013121145 Red
63.98169528143076 74.66575927933225 2.266666808308054 Green
78.24854173526847 104.42765424819115 2.3882699283018476 Green
42.12846541089428 47.24563373529069 -1.4359825951314131 Blue
48.111542734179395 81.91523358785021 -0.30122933818028697 Purple
50.539678684933946 46.828086131565456 0.7434383721807074 Brown
54.65948264921384 82.89966979472673 0.3180872811652411 Red
62.917028163424376 67.56659270816047 -0.053318571857672914 Pink
79.85021021676232 37.4348754093875 -2.185147270598342 Blue
52.67861247097575 18.253875526258742 -1.7592463787312638 Gray
30.690456210498162 28.50960681726159 -0.7119691021387521 Gray
50.864004926144574 98.43036120925127 0.6854545109001305 Red
81.75949973192004 24.16647107440748 -0.7897695437006989 Purple
46.313512923725064 24.61482848340288 -2.505839564730425 Green
22.579543626007847 22.039919441526933 1.3133508363342643 Brown
57.12593214071242 42.71351556983744 -1.646329093313868 Blue
46.935297914489254 72.63155010784591 -0.6021091423464773 Purple
18.92243605642993 4.355754944217799 2.2591834422246553 Dark
44.38978236802672 22.7094035070948 0.5089800414622452 Dark
66.39620152627018 37.064834794411986 -2.194072596345869 Blue
77.05133937959476 80.99667367813346 1.4000572956938022 Orange
57.95326690025324 36.92707497249678 3.1228614680612594 Green
44.44575250377359 28.90236996249185 -1.7363984535057702 Purple
75.61797459855511 56.33967375150485 -0.5764755850432901 Pink
91.22674098022866 89.54379791693017 2.148973288479059 Yellow
28.177805979094472 34.18931229866336 -1.1497442266361722 Blue
58.50033698728173 57.873963513939835 1.8455481593917233 Brown
37.59441225307461 56.67805147370216 -0.30066943677988445 Purple
37.77712722082326 43.08843724667244 1.4897295740372156 Brown
40.257383689343314 75.91334129565341 -1.147511951566182 Blue
70.70364186273302 39.3019226967674 -1.579856621023855 Blue
42.30515094333533 49.40048497941739 -1.2124808214262544 Blue
88.41156926231777 83.49612634932866 1.7710399201274165 Yellow
41.77424412071112 28.761417352880382 -3.0304426686658994 Green
45.1211499293827 67.23486059184181 -0.300942096314054 Purple
35.74630282634956 25.448838753389357 -2.0210928277413736 Green
50.613936282071876 31.510892918331916 -2.0544138746994234 Blue
95.0442558984941 7.122935897039325 -3.0130854896207078 Gray
45.558012451276134 28.61625702466752 -1.2288723924695364 Blue
41.687097339588014 64.61058507972352 -0.7645939971368656 Purple
46.13979112541285 36.66809819983895 2.922144889882232 Green
80.32728577318709 15.271486780985484 1.224810222882689 Tan
49.146846923156986 91.81818021549 0.714889931648017 Red
66.32813232447171 36.846094398463514 -2.930496296517794 Green
71.76999627279821 44.47344441923771 0.14710392462044614 Pink
64.18874303602453 29.90992826499813 -2.7548619304174524 Green
69.5957106129127 35.35766239590382 -2.1829116539397564 Blue
44.30142939735238 55.170837470672645 -0.34392358000824563 Purple
60.008987175090695 49.68864402505439 -1.5435085041574532 Blue
49.04146451111178 24.646883696168896 -2.9770654993540715 Green
86.93587138349511 55.79919003524762 1.8778814894120832 Yellow
26.68556686726889 12.791385903413317 -1.924902487208417 Gray
50.60073362076113 44.803005386709025 1.266078573519997 Brown
35.14892554986001 21.67999789663755 -3.0121913325153615 Gray
65.83278292236957 27.194962777696286 -2.659481372329731 Green
68.59571041884553 63.363709402102835 -0.41282854359629584 Pink
29.36992254153244 28.563302226903666 -1.6675229109915506 Blue
53.17050100222444 91.70733286976794 -0.3978146989918604 Purple
91.24104285813574 65.75492320362449 2.501148871237536 Green
64.42524414814771 32.51784140512618 -1.79659035852085 Blue
73.29011709635833 34.221380580564734 -1.2213655036124624 Blue
47.17370149144922 79.1890699700002 0.6012368217039192 Red
85.36309133197332 106.02667557530046 2.288616715127527 Green
52.914830229476706 77.93236964866857 2.374083869277521 Green
27.753989788266892 89.50178815848695 -0.8757660246750336 Blue
60.81046182545951 80.12286438223944 2.2913278221627422 Green
79.53828043847352 32.9905454380116 1.735578189348527 Tan
72.94715635535135 40.08687982511022 -2.279176592323709 Blue
19.78618151748107 91.48802128445664 -0.9365934866179322 Blue
71.79827822335315 36.01218787050448 -1.2305010511380372 Blue
76.43102173380016 25.362929661762625 -2.5805018153364623 Green
64.3686007621233 28.13184011642032 -2.3882530978035037 Green
68.10336128255904 39.60205154043522 -2.911863729091488 Green
56.58783349881277 75.38027764022068 0.37451225497609963 Red
87.8942319675942 63.43530974224851 2.8076612425121903 Green
81.31468168384795 87.3946096308856 2.0584007301729406 Yellow
62.34764687922802 43.4634878641014 -1.801998528068033 Blue
86.0559162238642 91.87021810161019 1.9975970159669616 Yellow
49.90289244447881 76.36809832330314 0.7414672449096475 Red
52.43629755942055 35.88007454730666 -1.653209307194349 Blue
36.746783114290885 48.85293699714325 -0.18161966260855916 Purple
71.10284736390781 56.46932956378694 1.3481554257001327 Orange
65.4081230509858 62.23157952171014 2.6929754097305576 Green
36.758413479656454 31.427803874145177 -0.15867989237919705 Purple
86.92105749508016 68.0839184457247 1.6278027715156247 Orange
80.74149909978652 36.13936832225289 -2.9058187787894383 Green
80.93506712391489 106.20642934203539 2.355313341042633 Green
43.81384221723552 58.60049999033618 -0.17037507408383024 Purple
71.20947425298695 68.95016860125617 2.3767141078699003 Green
85.74884879117289 78.90898659260739 1.6989986467164622 Orange
54.70011263920517 81.1717177180291 0.31676702317453864 Red
44.094022581326996 0.41713507786501375 0.34227059592644504 Gray
52.723186093176196 72.54856594123407 -1.2755741798327005 Blue
83.75472692023872 48.79046644482881 -3.0639461677065487 Green
75.74695707130869 77.95741035725763 1.9763977311702492 Yellow
66.87734288382524 35.68750494304689 -2.884242475128583 Green
30.124486337767138 68.21701398891808 -0.5622025444230027 Purple
29.25829767734392 52.10903774821983 0.30040900987830965 Red
27.56592844947621 56.895747232035156 0.7162107346623887 Red
58.78125628206375 37.44700347713679 1.5163816724637074 Tan
23.46591387642045 50.15934211090826 0.654790711204964 Red
64.06809763912239 35.334252533524214 -2.5418771534991835 Green
66.19886713749162 23.185287027315777 -2.3936721848108258 Gray
38.955988584998074 24.29437429574238 -0.6083656834483955 Gray
76.4390157454066 58.72230013893521 1.6837752910318518 Tan
41.575472612084184 60.390301023556006 0.41329295699135515 Red
48.95962975345266 39.21648669274474 -0.12979836861537236 Red
64.62863512263337 87.66935566729752 2.380764829121694 Green
30.299291799904573 39.11890962110109 0.21370285473026618 Red
62.34035065493366 63.240289458256505 1.5312433319108059 Orange
88.78346539960654 51.2566834359831 1.7826726536882793 Yellow
62.2743110107253 72.91087024024118 0.9101078589180062 Orange
54.24176367337779 33.60977640661864 1.4297411436092404 Tan
85.11368687222046 11.80193396077043 2.625504582728629 Gray
42.42786750954178 50.55432100971536 -1.2060943936253214 Blue
94.9867647869592 41.118746475485004 2.00537384211251 Yellow
68.82720878810423 51.561152465888306 1.8971658041877562 Tan
70.39160098583007 30.655559588065422 -2.1329254386540146 Blue
64.80045474629482 68.33187893236354 1.4564543688398182 Orange
81.57437532963861 23.940946174195187 -2.296974352112887 Blue
40.77530446809394 70.76731007912178 0.5404261530742993 Red
73.63163003698965 31.50765135398818 -2.311884247218445 Blue
91.12774485176774 9.691872640656968 0.8604068626926016 Gray
52.27073663963057 70.68531536227921 -0.6985272405259334 Purple
57.92266758888749 82.31044136681675 0.6890409616307559 Red
71.64024048139069 14.406974933459281 -1.7315800169528708 Blue
71.2209910850426 39.24217990251206 -2.695907016085833 Green
76.25519208797392 46.676750839249586 2.3666353442839734 Green
69.40573700442377 14.796460566226466 -2.1630948797769527 Gray
52.28766281118186 88.24530105925372 -0.4788441314123494 Purple
46.676158007774184 30.865484728327328 -0.011870455096258972 Gray
52.95277222657708 75.13712089571106 0.9136883520779648 Red
87.02622733047633 27.921371897841844 3.156372158293392 Green
85.75482496754833 28.066023952363807 -2.686924049144374 Blue
13.211666955049484 73.55844384999243 -0.9345318711448843 Blue
49.27766046852351 77.1732983111962 -0.8961221804008161 Blue
72.37162583720651 60.038274981943786 2.7931473068442845 Green
50.78045680493861 36.022452440223844 -1.5013624723923003 Blue
34.156796840621126 25.250140833348077 -2.0046608768794107 Gray
53.72445897389332 38.98671022834718 2.4637540746690663 Green
45.42496005570271 10.77254683704966 2.4002361456858123 Brown
50.1549708357752 67.4340369103052 0.6228590629088391 Red
79.73640057632622 41.62042851736299 -2.705822694698197 Blue
15.486643687049533 28.727504514000493 -1.1324560696188892 Purple
56.16751559000308 78.7735280936569 -0.8152977341906632 Blue
77.9366280526206 80.7714112665868 1.4483261302257213 Orange
69.66838716477879 16.670638645778148 -2.8443819487637523 Green
49.097607909474775 95.4467063689758 0.6881300622913604 Red
55.6297445026305 57.77329161679492 -0.11511937677992427 Purple
29.170062971737643 14.238047598703815 0.6615336434709187 Brown
38.8033591856654 27.222265297752283 -3.0194292070321214 Green
56.318371731883886 40.66803982290838 2.6276801635445235 Green
32.19621657719597 47.73061761162667 0.37192793078049236 Red
28.623619285338002 46.83066721574112 -0.3487413125488916 Purple
63.38412956709523 54.19503420796044 2.795810038500158 Green
22.137959804010357 94.75491911015358 -0.9269119612237772 Blue
50.96588514596651 54.764746148677936 0.5931320840800115 Red
21.75218487698377 9.345995037891642 -2.7442122985852784 Black
34.4182626427454 21.676845728400455 -2.1992501900119894 Gray
50.07155379647874 25.359264650455437 1.5313568733617582 Brown
58.21808927997563 32.07989246949595 -2.257511788108216 Green
61.76563338727294 67.71657377544663 0.41749749011807724 Red
59.62190584922695 78.90420576000982 0.9882594605030441 Orange
80.42299939158566 28.92865561620616 1.3149133789515854 Tan
76.33181683402805 27.795849436222795 0.6026460054564267 Tan
78.21830654996921 69.78615900174222 2.6628062618419666 Green
58.07800413596985 31.44848188617738 -2.68771793148111 Green
49.87074912215277 77.30309065491151 -0.7830858127992766 Purple
92.7323992005746 22.588442774611917 1.54225415010555 Tan
55.00465173378953 34.96451734793481 -2.024165851696261 Green
26.91463457166025 18.232262103289735 -0.05309058833436474 Red
34.948349396293374 26.069683372711122 -3.1051407135752336 Green
64.76417664086509 44.970872647337025 -1.7175596602767182 Blue
33.2293158747918 85.65819075081222 -0.8294634866703166 Purple
62.312591864584334 55.80891646935435 2.496635690052 Green
41.818605034594185 85.58882288768027 -0.9043016200397238 Blue
86.67135756216301 60.15995073646312 2.448563673459084 Tan
23.465022011161444 102.36025205927636 -0.9225599307464758 Blue
86.15492173869065 23.148714285245433 -2.5109091161032477 Green
61.317390578896024 40.74545265486339 0.26492582862806957 Pink
27.39951261731862 42.63717690815719 -1.1394488192366437 Blue
53.33584388038902 73.31513342355785 0.0003483593135463932 Pink
49.335989737434915 54.730231104049906 0.0066928163392716575 Pink
59.99894688843092 62.48729639806011 -0.5030099040006523 Pink
66.1335581018322 83.18233668519461 2.458055018165987 Green
8.975515469385162 24.549328801552875 0.11482383098679791 Black
54.269382188472946 34.89690193814523 -1.9416774726522856 Blue
28.771018644787752 32.88358281188303 -1.3919311519730724 Blue
84.53641407287266 71.75672013306254 1.872318980455705 Yellow
68.24461644612045 23.519606315053803 -2.6775344747538723 Green
71.27143280400995 28.52854715384577 -2.069931320242432 Blue
37.10480413021442 20.284448583039094 3.0416134673603574 Gray
48.683387707889736 63.72335402341704 -1.1349151669090696 Blue
63.433605554436156 28.128018220106537 -2.686605518087977 Green
62.79924952054556 29.807047425661302 -2.2138632135110896 Blue
49.68483656726919 62.95592864537048 -0.3859525802590016 Purple
44.26156038445121 53.093514112268096 -1.3188630828907084 Blue
92.60842630084392 53.39731981643156 1.9919351514896295 Yellow
68.38659275393111 14.194661664864494 -2.3613332519846066 Green
63.7916437913366 86.30455074893078 0.9797961294859133 Orange
47.4575927379329 91.14289852197936 0.71126559049469 Red
40.11707754104263 72.36468140851048 -0.5007574077608556 Purple
68.51605559514553 12.32006301971935 -1.856727608303701 Green
28.5885157829614 73.99932748231222 -0.9850604395443133 Blue
92.19599574465354 88.35277345881718 2.13227272848303 Yellow
24.63797798713705 48.02277086537045 -0.1706185818890712 Purple
50.3198849380923 81.36217958823788 -1.2047988691881963 Blue
85.0074563259314 57.4837262450538 1.7255255004220529 Yellow
57.78308231465982 75.97618927632743 0.9577574308257799 Orange
53.660616109438635 75.25022141037697 -0.16080537794477745 Purple
87.78073698221588 82.80129670419133 2.6582611579923627 Green
30.709947634521257 69.97249650356027 -0.5548314123700867 Purple
23.3670293026209 42.551970308613186 -0.01600503066159709 Black
30.999226070538683 16.20092015850401 1.4473718321929323 Brown
76.72965930016942 34.01024019880168 -2.6517391505669456 Green
20.076075943070165 26.361275053641787 -1.5032311923879869 Blue
88.11907563975859 78.74918049650249 1.7524790533258012 Orange
58.968005112894645 55.78074457215641 0.6188793421192911 Red
62.007324946738905 43.39765677141185 -1.797699361398653 Blue
78.52157068786391 71.94624755763218 2.6824269999359074 Green
73.95516036163089 30.08676657807025 -2.171965968757691 Blue
88.73025579823897 24.13337651864135 1.6420569683784842 Tan
67.85585855004533 56.742335109346875 1.8593583574844974 Tan
53.82628962739328 34.29012835209574 -0.34248961755270646 Purple
79.97639286591637 62.89206673277059 2.7440246738162237 Green
49.60865433259586 80.43227831633591 0.53364006795818 Red
23.08516689712844 50.50401482186328 0.6988379778617168 Brown
55.30039876985455 31.579972116304948 -2.241001546288694 Green
79.72381282604057 11.352712148343075 -3.03985004016857 Gray
59.21576021912516 79.60889119241823 0.9662805137597039 Orange
54.84232636494957 76.04857914575489 0.13560910662941278 Red
41.80850214287305 28.307835320229913 -0.87819187768248 Blue
79.65874851942282 8.242392049003422 -1.9988239363654143 Gray
40.23747089603326 28.361580664623528 -1.346770072074568 Blue
75.44623101273437 34.97277099282758 0.3203526230109015 Pink
66.45923067188556 47.962858080652765 -0.6457439700042319 Purple
47.85923638337218 48.824866791606155 0.9753798882202049 Brown
40.86696645070643 27.347900906279175 -1.7431253636225348 Green
65.14802439485686 30.34494427168476 -0.8633047105807657 Blue
70.66457724022376 35.84774914806038 0.40005394053999566 Tan
62.303332021216434 66.13303094514333 -0.5462439348013176 Purple
68.09417401490403 63.70831184812835 2.697181274902181 Green
71.63865506355779 39.05863739310664 -2.114496310411286 Blue
81.93408203954455 62.85669685769004 2.6207698518900724 Green
30.547398640253782 56.98346339947463 0.6853997045461168 Red
92.25939022942356 52.521521103791805 2.580707577435822 Green
69.05683549248182 50.6445855831965 2.7427546155878906 Green
84.91716793712922 76.89395465958717 2.6722365988587393 Green
45.76882079573594 35.850667206897675 2.313968653542786 Brown
56.268135157057586 110.90339019501218 -0.5807984798514614 Purple
63.890900230749594 59.26171199917773 0.8875627217189153 Orange
87.28823158042296 100.67822856559769 2.4844370029236167 Green
45.79495367622461 23.506113609905622 -2.123515390873049 Green
91.14202813946008 47.629309523749924 -2.853311020412135 Blue
68.35403353060225 37.30174031709835 -2.347389202691133 Blue
63.904652138242895 29.989856505970582 -1.3624679647962026 Blue
14.704295775340949 36.74387858860699 0.4432463209875689 Black
74.0497116486015 40.07720333503306 0.8898063134031613 Pink
62.945576916981906 80.26882187168785 0.9739974710442177 Orange
42.21252370810568 54.60364120701383 0.3251215379496075 Red
79.45515350164567 59.389790915150556 2.8952545935993172 Green
53.46156180805639 47.324591752994586 1.6014907892299344 Brown
71.4649464783182 74.1563362004966 1.8968019578413444 Orange
74.06468354082999 43.96639143437051 -2.0310081987060835 Blue
80.46582884783479 36.977892607524225 -0.42895934362295685 Pink
74.72529448185604 40.099501431858044 -2.4990493804863236 Blue
35.8249770056995 85.1633115637656 -0.7418161457642738 Purple
48.14475835797617 57.98533244618966 2.0376034519074153 Green
57.14657895507017 64.01325607738329 -1.268954568431511 Blue
17.481903363562793 42.720066741570484 -0.8182509150426909 Purple
34.99818342407046 80.51012787245156 -0.6061709510968167 Purple
24.265266191708477 64.27466500921426 -0.8516625640265821 Blue
36.43571308982304 51.78171981731635 0.9327002763519301 Red
73.05272072103988 41.44889014015509 0.5589003295044248 Pink
61.15007401933704 34.67649554087507 -3.0043310494146063 Green
68.19025322517477 35.351187506262704 -2.691879919861613 Green
55.520094694736116 39.41522648672063 3.011960426182516 Green
91.78268768295347 5.947736265609443 -1.8882224570142125 Gray
87.49720790188938 69.83327195853236 2.017012955960788 Yellow
36.444294418359185 89.66354165255792 -0.7701747427230968 Blue
13.324466060058047 55.357956165010826 -0.7686753514567213 Purple
48.24711828942044 27.399596418707453 -2.1951339923480084 Green
46.27040226068278 29.60306360281251 2.724135774811301 Green
27.445076894441513 3.6594714369422827 0.3638162995935309 Gray
79.45422534440885 100.5944847920715 2.301330383347036 Green
89.74622479416725 15.158212133929535 -2.413593485442803 Gray
36.695408253566754 53.25443389417845 -1.2574221288799095 Blue
21.097435057600997 31.397326489591983 1.1944421052753236 Brown
62.66905277245881 41.56391881716745 -1.5860547778458667 Blue
69.00993191547516 59.51049715712531 2.6832406948283944 Green
52.736133834730396 81.9826558776147 0.14998418694111898 Red
69.53469175227822 42.169744595342564 -2.030662555218605 Blue
49.511758040961936 9.233438777122664 -1.6914518993893148 Gray
20.064674381529116 72.14771686051364 -0.9780864523908078 Blue
33.30334641210204 61.521375838647835 -0.23095298728365246 Red
85.79831528282452 26.68769646255418 -3.0390216155960097 Green
68.91829098564693 41.26952974975231 -1.8500184731022178 Blue
60.58407351941723 25.66139922770374 -2.6006618994426347 Green
70.12581703956651 57.219050519862996 0.9469947784447625 Orange
60.397107773307184 87.42672086931542 -0.4848459061738547 Purple
84.18868431007144 44.1926581971997 1.3505647877201903 Tan
73.55102776555115 41.581086534305925 -3.013271227516067 Green
34.530661475279445 93.24061136811528 -0.9734411828933556 Blue
54.57151616020839 84.58679152912545 -0.08550848640030066 Red
50.91279498562764 85.80545746110799 -0.37845780248960226 Purple
69.48894702253929 39.333371080173535 -1.4152118216874494 Blue
50.28050980857705 24.422898728988606 -3.124608697681709 Green
47.48812310232607 55.415075297707 -1.2091119094709528 Blue
30.589951533365536 82.5413581296711 -0.8207061537675103 Purple
51.615393760666265 23.01363400491612 2.134191363914349 Green
90.65910967259175 24.888076756080157 -2.8789415620469425 Green
54.01535102979095 39.05259983923341 1.5754984030448607 Brown
69.28778515795698 40.93881838089122 -1.910669804038466 Blue
73.9878207511698 100.95962701375757 2.3652833319805886 Green
26.47435829443453 56.22779587904277 0.6622627672884064 Red
65.0699833423361 57.51278738168317 -1.0242611408688553 Blue
49.21064097442839 95.42193413700348 -0.5193079606868612 Purple
48.36056778472992 19.636100001081452 -2.7626679837714487 Gray
74.79061340986357 49.81245001843722 1.8197221686311478 Orange
68.85345154356435 76.42847115058174 1.1600299623417158 Orange
52.31546805588894 27.49990732852031 -2.4095305254133006 Green
35.647981421180376 112.98957217125097 -0.8450549151447245 Blue
55.300463189086685 27.48774861901531 0.5094540285962361 Tan
52.462125070798834 49.56481254107677 1.4117157274538834 Orange
43.989413471872204 46.00032876783234 2.3289718501225325 Green
37.28198723373718 84.20969497775806 -0.7036920038035575 Purple
75.80505095519372 66.21837414844705 2.7258825664825523 Green
45.80202418825343 83.31508691892998 -0.7150937399844778 Purple
88.59831660543412 56.87003101661563 3.0898225275618625 Green
71.62868505148762 62.30783935361343 1.8017887943420434 Orange
53.353534840656735 37.704537309871924 -1.0750332239151112 Blue
50.564280998862486 55.35625546071688 2.327820669222124 Green
29.697629443844377 17.685746251840687 -2.2832245332436756 Gray
65.71462176906418 19.299048858457873 0.7569503162152031 Tan
50.90324059711979 108.52370344044672 -0.6517693429926381 Purple
56.580966431646814 50.15224012579875 -1.5366488495487212 Blue
88.61624705122784 23.508078264442823 1.384600044943209 Tan
71.29476643177634 36.52375075682905 -2.26704621671482 Blue
61.91196031207508 50.48006426761334 2.8380515320328117 Green
26.200490016320046 30.863689487834904 2.7236539936121837 Black
66.25223609103678 44.47546712675679 -0.9096785550473537 Blue
10.135838995745967 11.825055822676365 -2.8381895585902734 Black
42.93417473812723 78.31262656348153 -1.0090051794702872 Blue
88.13291422574832 40.30011619461522 -2.8455961204120994 Green
88.97343034516899 53.23015801385587 1.6318874996005683 Yellow
52.60021362641558 26.657160938010957 0.9009683188923887 Tan
44.2534752146301 76.20166453107117 0.5361226670770187 Red
70.33103175476506 43.99822763168584 0.6282100556549165 Tan
77.85571961702185 80.72265414377343 1.3928439299410043 Orange
49.119650054561745 94.2812114906922 0.6714142956877506 Red
69.58796624779605 59.062706579296055 2.3779871393443752 Green
73.91204427670301 20.510735396038754 1.2223408107855427 Tan
69.63854006090699 74.70325615246536 1.9538166951658709 Green
55.29330291930174 22.738225254641527 -1.8968485564088047 Blue
69.30777526581059 29.778036593952766 1.4441420979750244 Tan
88.65991467727433 54.33438306989429 2.7203864940007163 Green
31.069131294790452 48.72534242605188 -1.1548558959547433 Blue
61.83303756251006 32.80631346841404 -2.8359680346677765 Green
36.066112712807495 32.756484019546704 -1.4572631165314833 Blue
38.88196256662638 72.09795018787703 -1.1261383165120518 Blue
89.23598698106511 46.794314084748 -2.8155980449376194 Green
72.79972124981943 4.405329886026838 -2.6685688670702286 Gray
50.99300169189141 28.163616902770706 -2.055244556832702 Green
22.639678213038337 86.9039334441383 -0.8805227936390362 Blue
68.75731593967318 37.412558464853525 0.3212961788859675 Tan
69.64871753902463 17.812352697610276 2.919251169864041 Tan
43.55912935325016 70.79596905127785 -0.02393001388474989 Purple
28.38360765071681 79.90165407874044 -1.0495745319378011 Blue
67.10878903705832 78.54267343481119 1.0351269453502514 Orange
50.837513339665136 49.47108875790257 -0.40103369320091087 Purple
81.81099250720159 27.358010558371845 -2.5817183262143715 Green
18.26241963962719 22.19404877715897 1.715921777277111 Black
16.93194050730736 14.068381924862232 -2.2410304912336816 Black
49.64816912779517 56.78274471117819 -1.2301637253209536 Blue
77.10810286562709 86.88418214425556 2.292431387077463 Green
76.5096802205681 27.974407293270453 -1.550188099401041 Blue
77.37386189649065 10.278870096887093 -1.0827182353915674 Gray
21.17682216404293 38.4770107091306 -0.3359390177888534 Black
76.43645670777866 61.22740397361685 1.8017609427288344 Tan
22.149742334084372 33.413850535271585 -1.3720538820850576 Blue
47.246627691314394 73.54912608548263 0.6544608324905241 Red
67.82164052276839 28.89586285387139 2.5078610779382524 Green
64.07435565766751 39.30712740916821 -1.520309021898619 Blue
32.74215977490064 16.97660803220556 -2.5983617971787822 Gray
71.70975290752627 22.917228602546462 -1.2234909390702233 Blue
58.25909023417597 94.54482866659744 -0.3711475693612274 Purple
38.97225023916155 72.00910381967294 -0.3474752107450746 Purple
61.39392588628921 62.03876208412018 2.4236443698286463 Green
23.45223781007067 74.34870369603402 -0.7769491842951706 Blue
67.58529282374928 70.69701399205148 1.3683326184477043 Orange
65.66418438454701 69.94740825822917 2.0754086378445855 Green
56.620025046147944 57.81012002152561 1.1133084911871203 Red
81.47234976613674 13.034704107713084 -2.5119656273100865 Gray
77.14408366979643 42.00216491289401 2.672508008558119 Green
57.88911563493549 51.84464067252893 0.026049400742515473 Pink
51.431143077396726 112.65099368695662 -0.6773339757717317 Purple
59.79732824430971 20.571472294866712 2.2856711088342907 Tan
27.693286230993493 56.08790615204814 0.44283443220799257 Red
29.818584959077974 62.05552353784079 0.722425673231575 Red
48.036216689172164 70.20469226642402 -0.6809927086952393 Purple
71.15990196746382 80.8669295119928 2.1441180464746568 Green
8.941475819326516 17.246351663612934 -0.6671627714468327 Black
85.20763131998176 83.86921189356337 2.61712397659742 Green
90.87530140259125 46.16365000657364 2.6823422070899063 Tan
56.51484351521157 36.401725807846034 -1.6779356647399486 Blue
42.33224196742338 78.73626534590323 0.6642905370862708 Red
64.61526867358883 39.38664219007157 -1.9114781010446609 Blue
52.604632392111526 93.78853967651234 0.7357143884314908 Red
78.63087043620665 69.5268118932868 1.8081439534919843 Tan
48.554379646125 64.89679254046565 -1.1238082650245502 Blue
69.74019279234534 67.28502030029938 2.658231784448734 Green
73.1660641990916 36.33963370820698 -2.0913521051852824 Blue
26.61360424075702 41.757568659187534 2.1818204402820314 Brown
77.22281087409888 16.98121428743924 1.0043502484567903 Tan
79.67356475889399 39.04310713393503 2.6659829481557047 Green
73.55551633777871 25.90376365139168 -1.9432960308444036 Blue
41.41115160952415 66.21646024648993 -0.08899152898188753 Purple
70.84588825490347 19.231979298413812 -2.2328081854679214 Green
85.15093911625124 42.38353304132263 2.375946269469342 Tan
54.53564239185381 32.335471205113144 -0.5989841235348633 Purple
66.20505047012925 28.733956166743372 -1.5989744271231419 Blue
76.06915548088347 83.17809775315759 2.172910697264225 Green
57.448992727291056 40.27171204531457 -1.8362927130357654 Blue
77.78612687452267 15.294487948059857 -0.17416312768574865 Gray
58.44618062750342 77.61592806465565 -0.5452838625406718 Purple
81.03751219056537 16.343713796439953 -1.7153906342110492 Blue
61.4708512320303 30.07150626624373 -2.965710284978254 Green
35.42095974518545 55.96999106820173 0.806635157857889 Red
57.48521308067383 42.53232780817738 -0.34427438209725947 Purple
84.40836760850495 23.87390551523867 1.5120297722954543 Tan
61.969442959754076 55.263181742102 1.0673502327984128 Orange
81.34753029133748 28.06700164570049 -3.0530137972311255 Green
49.495158267919564 77.01265729832849 0.012389219205951957 Purple
41.09163887575615 74.99970891270942 0.7336438949550212 Red
65.82166971541892 56.52635687747562 -0.5386542820451816 Purple
27.922969261323352 8.14872805008941 -2.3951574153312656 Gray
87.66109472237106 27.651278758760828 1.7689803938057977 Tan
52.884139190973514 107.32477590533856 -0.6090376252130559 Purple
76.50438962054363 74.27264919205045 1.4470574095548185 Orange
59.544579238261846 32.62147829093412 -2.0901002856345086 Green
86.55497789830639 61.324010089631315 2.8720579653309564 Green
44.58469981836036 61.2505977240415 -1.2960197203607948 Blue
27.41173093326332 54.39664616336506 0.7262128452452639 Red
61.093016774585095 50.589158205539206 0.15637259903512918 Pink
63.090442373082524 71.74759860965659 0.947002764440606 Orange
73.49208900912792 43.173274395668635 -2.083387215707867 Blue
67.72096336901384 42.64753895207818 -1.743472153550877 Blue
80.09259248188079 91.57884052504977 2.5079004020808253 Green
47.59640717007426 29.83379313652789 -2.1804153103724806 Gray
31.039593361620987 8.288081933102532 -1.1770046508434646 Gray
17.36906273923772 29.32162013354835 0.004400158666212177 Black
80.30015933125767 77.29160993313644 2.586547226684143 Green
77.0572797083102 39.38554118997104 -0.6741662064229628 Purple
29.00396879104442 37.58801066279054 -0.5312272442915724 Purple
64.32033137167286 43.08888787867901 1.3253272735075274 Brown
38.66864527485339 51.91745358017366 2.506628691063217 Green
51.65876987537007 92.19794840811522 0.5898737503029873 Red
73.86558134104745 67.6213935804337 1.6504991816559782 Tan
49.474116196111254 97.46787697181914 -0.8489118362760559 Blue
77.038143862512 40.45772250476203 -2.742173271557217 Green
82.58501996368278 39.71713671115978 -2.641903935791375 Green
86.00535162986901 49.13432362524572 2.3490046891863265 Tan
52.10493622867931 80.99321850882528 0.22334278171610983 Red
48.14210682506615 73.78821891786613 -0.5874323482650947 Purple
67.62010436268405 52.23864942129584 0.43415252095099766 Tan
48.74632020122307 70.94263576521911 2.359639112176918 Green
83.62705316856115 24.174791910073104 0.8706454487594888 Tan
38.17392616621495 40.28627690919882 -0.7638836561032499 Blue
46.09456089313823 98.00557438326855 -0.9990528829474358 Blue
51.217840901759146 33.399663265563746 2.4749507008445146 Green
67.62761343275233 51.64007675739948 0.23240976292066057 Pink
54.15532401751449 36.80982840617925 2.9113097802522905 Green
58.38894700949207 51.204683944192155 -1.5814172359409477 Blue
40.869568178458806 67.65329707356142 -1.2030557998271911 Blue
43.65260310774062 52.032888918635734 1.170867869470901 Red
53.38454659209506 5.4838511317550545 -1.9604024401354634 Gray
49.851477317827985 59.72328772362534 -1.2472881466754218 Blue
53.33571178105478 53.645756065469115 -0.345491514918277 Purple
61.769205047354234 26.937682144047116 -2.1858767738922413 Green
93.55199319406233 58.05895005890819 1.7504581623872988 Yellow
37.77576228290002 83.79726946101147 -0.630038890837026 Purple
32.832191997327755 68.16646873812452 0.6651390151321034 Red
83.84412686087941 39.96996017907764 -2.531362895554121 Blue
51.351941796047484 71.60197560671288 2.4045227741749238 Green
73.60802742069734 93.05362073025317 2.4317251772133814 Green
46.021076867718676 76.6851391452111 -0.22207399127294625 Purple
77.38375563195206 27.546049863334176 -0.24564751986183014 Gray
48.34209553444707 78.27037115977971 -1.1640374779586482 Blue
65.37580733783953 69.18980093345715 -0.268355291899684 Pink
59.636199987225 73.01565016119936 2.43610200022892 Green
45.00345667535144 56.590027294132945 0.9786475878514901 Red
55.33717840493725 68.21062510700023 2.1559897758101307 Green
56.31910480883246 32.50719507890217 -2.784841548923544 Green
52.54675580843457 13.494618308844363 1.375128222445126 Tan
64.71833006231766 57.27655350236023 -1.0945273301418679 Blue
71.13989482887577 74.53399788669424 1.4826120552185589 Orange
53.644424324517075 58.908746648374226 1.65421765464583 Brown
50.12601194684599 34.28506112209585 -1.3350412385998034 Blue
64.02657435514533 34.10763810216458 -2.475812493264187 Green
71.60958156909659 73.83792733831206 1.9462698550241555 Tan
86.85982563256296 46.185564629891395 -2.9196556126051343 Green
56.09027512548508 34.159433134635755 -2.146063085887472 Blue
79.83774405618016 65.97070517450295 2.44751467261404 Tan
61.004106001841336 52.38035342329621 1.3700145083895037 Tan
72.02020670266855 27.19816514808972 2.791031727408974 Green
31.991040235441332 60.00675335180658 0.3820311160722648 Red
65.29424412317007 65.72705785281745 2.3886687757368525 Green
73.90781000305498 27.639262975896397 1.5873919811915878 Tan
36.30871321090902 77.6966170523683 -0.5504928776470774 Purple
85.29924590937597 79.9103406517211 1.7260221081774643 Yellow
75.67809260455674 71.55917125286155 1.7009868461316882 Orange
61.96532307665436 45.86923194775408 1.0371489151643027 Pink
41.380235767892074 85.06765750696913 0.6851727473403372 Red
54.038434612504616 97.1074623715404 0.7067776244738604 Red
50.64060913526376 26.30221489429458 -2.225748112121832 Green
58.365418628757126 63.81869343932869 1.2445260582594648 Pink
81.8947859981915 64.49855567809436 2.3248171859709723 Tan
69.56327989319624 45.49288247793004 0.7266165801247901 Tan
67.79975127525738 13.468257132608205 -1.6646747182571247 Green
70.00576241073591 41.10048407956695 -2.101098437564689 Blue
24.02027451097006 54.9033187985092 0.615527929063872 Black
28.83759043831074 41.02110323583229 -0.07731489937893553 Purple
40.039281982666814 22.983802642363354 0.46440837505038013 Brown
48.981501046614156 30.240682613405074 -2.219654020013608 Blue
88.13809687417447 39.17111028455144 2.002765518961966 Tan
70.3263200209783 36.77009178716377 -2.5897177257701767 Blue
12.901540681141139 11.91745689427077 0.05566278204302415 Black
67.3519614093282 39.23677989841532 -2.1659817262130154 Blue
26.097412236035453 49.565721565138396 -1.2210449840759732 Purple
53.018798559889646 29.605422760970814 -1.9960708830287883 Blue
30.808417749393904 14.455187036561531 1.618236107555521 Brown
73.54548338387974 34.95569435651166 1.1273465951707276 Tan
55.14721064198926 40.70456487195208 -0.42931486703961363 Purple
37.23615260765035 110.01064185392708 -0.8392478233014719 Blue
61.65239952716884 68.48418593341641 -0.446086219178238 Purple
57.16986501890912 25.706282930058386 2.2367112801081523 Green
87.20087914554803 26.930451788041164 -2.558837812635514 Blue
79.58972708338676 54.04179607490066 2.4558094786068327 Green
89.06591370838507 32.83097955380243 2.5276662414105013 Green
69.55832712037565 49.61396678021291 -0.5006208298173646 Purple
56.38279027291084 69.65236851892396 0.19444342843073165 Red
49.77216342586435 74.51375618226488 -0.0735391379810907 Red
65.63909300754793 16.343185054226165 -2.9147561579708725 Green
22.428098751290435 67.29144156684838 -0.8690203466995184 Blue
79.87984056918378 81.60171394171456 2.0616672568914653 Green
23.545720320987137 55.51273083770233 -0.9563451161306068 Blue
60.74564813357554 40.845567678769626 -1.8480402825370676 Blue
70.0817424842357 31.311292023713214 -2.5768319403595346 Green
39.60583810595103 41.75026697883475 2.6390273020939023 Green
92.03923677054121 90.32817933524225 1.774500432307906 Yellow
86.09799641187148 44.20744592186894 2.9891379838585204 Green
64.19251569022985 12.19864419770887 -1.632224415886879 Gray
58.49794142556708 46.893013188662565 1.2177997431631598 Red
51.69124601867749 55.00833969077885 -1.4321262616570425 Blue
43.671654784682104 29.41406919301919 -3.07267826618554 Gray
61.26991450598315 45.068918810267746 -1.6379965865926462 Blue
48.69108982034528 46.344697932799185 1.0662752401420508 Red
68.92695113697376 40.70807923897053 3.007122513212022 Green
93.379951999839 88.71286479861845 1.9362924783450923 Yellow
62.146654551909265 35.69403948357483 -2.0215485156581945 Blue
52.18832165266133 33.51014545762069 -1.7797127827729842 Blue
84.49184597580388 16.252487419443874 -1.6476127295896803 Blue
19.471163791702786 20.553264886313347 -0.30734563916964275 Black
84.643429939354 84.373853022285 1.9006129577529158 Yellow
63.70980774622376 55.38517612330668 -1.530928018297275 Blue
58.38848583808853 57.78653671775268 0.5360683308900609 Red
72.09714071231471 18.995167259327435 -2.548775600526354 Gray
54.2133843251962 83.80163464333627 0.4046583326239377 Red
67.13263753324486 56.842955177076746 1.533978473007513 Tan
81.21448960118747 63.285586039019485 1.9140894714342678 Tan
35.35064593529149 15.790564230030883 2.426326354617677 Dark
28.940548043754553 93.86326112341425 -0.9622883856892108 Blue
83.93252881962253 36.7193016326462 3.0827461535606355 Green
87.9633098337274 98.86332153689344 2.357765242067506 Green
40.52369598168184 69.62866475392015 -0.2696082237570969 Purple
60.832916291810065 26.42784410451884 -1.5621771084812717 Blue
20.820364020863117 25.440138539960262 -0.8217675514415242 Black
57.36843141183279 20.89243813440142 -2.4810462518849405 Gray
58.93091560260258 81.75629983734379 -0.47744825297809534 Purple
79.51788390891653 83.20840511872946 2.2163056186088888 Green
73.97331622012533 40.00264056130149 -1.020273160404754 Blue
38.823603785972914 54.44927987595524 0.20841658793201256 Red
20.26128482180797 11.7366461461901 -2.397968528383525 Black
67.72919580272551 47.51567624791193 1.0914548843692176 Tan
44.40566054277562 51.15630119343948 -0.6947364475025324 Purple
41.26558581757315 41.00904569040017 2.0333257232396766 Green
72.55027533768455 22.162250351997717 0.36436160714705434 Tan
73.41324976400364 57.2426114943947 2.62641625591397 Green
82.22836017636506 47.11599916144676 -2.9794745673567693 Green
67.6309940777647 27.110030014095315 -1.8426024356670432 Blue
48.250734337391265 98.56430838725446 -0.9147730588249918 Blue
50.00924044980627 39.32976023418299 2.932667921639874 Green
74.99374642683246 34.477995110464875 -2.435649605002996 Blue
69.31761365264886 43.23570458980502 1.432559616269121 Tan
57.208499586889545 23.349874519460798 2.404967008693755 Tan
73.72673326221502 24.991393077606308 0.7335794442361687 Pink
60.67810372941727 46.85899645254714 0.570548968637377 Red
64.2376361633287 30.68275554122398 -0.17733321227730225 Pink
36.96656793274003 26.477349099479245 -1.7961534316281984 Blue
46.93779044273616 48.26643389530552 -0.7519817493057493 Purple
60.65223820567114 59.29384223290301 1.1192494484462423 Orange
82.33902977382775 17.366176536916868 1.015472542118646 Tan
52.678920657312034 50.7801997842911 1.3993105733604647 Brown
28.607281269396054 39.746466890847074 0.8372451265351774 Brown
71.7390470454087 74.46279610197121 2.0273031596665323 Green
22.212475040035415 28.35541009922132 -1.4432528144674328 Blue
78.24815941115926 41.178485432731534 -0.31152822160032767 Pink
74.85807450441034 36.67419604364671 -2.2749770026503713 Blue
75.95317299278668 102.76484271963935 2.3895890555973502 Green
83.86526550221878 56.61324321787131 2.9361716182473376 Green
65.69984457931957 68.55095992837897 2.1205138213949724 Muddy
43.70943622598356 43.362185114785284 2.6538388478420645 Brown
35.84264078379535 81.22666005174021 -0.9796902301481905 Blue
44.02820927014025 77.5500736222299 -0.7425903704222211 Purple
44.13992784216794 67.30256046994582 0.8013928162869507 Red
86.56388967465475 26.279659473639523 2.895845480820067 Green
27.528346710839998 59.175629723406786 -0.5177934112526278 Purple
45.492330909012495 17.687188458199824 2.5310521028806976 Green
80.3966555343286 10.321989460130185 0.1611543798042866 Gray
62.735161847206086 11.137954564020543 -2.4951950031617534 Gray
34.73585054350209 43.605399766385446 -1.0858238387739862 Blue
61.44130495819705 83.04174865931448 0.9298940497334923 Orange
67.1099374228274 24.85736796422735 -2.958348238555539 Green
83.2496627488864 39.808653417129655 -2.500854264738508 Blue
68.0692036369122 61.95872667787171 -0.3588760412214125 Purple
85.7742355346682 64.13758057439483 2.888678962655994 Green
73.27761814036958 56.71738080974319 1.3819714619377534 Orange
73.33943845124664 43.24500412466447 0.8317101305669222 Pink
73.4867035076421 11.515792117058847 -1.0596491098946927 Gray
63.884083522142674 28.412106206554558 -1.5477178763423418 Blue
55.075545389713994 90.92084373055037 -0.6610124507300299 Purple
76.00130396321026 46.036694311566094 3.027393549666056 Green
54.95187566230892 66.35992179904912 -1.3540864946113431 Blue
91.71063450120006 39.47020046720961 -3.1121127006102256 Green
92.97909406022335 77.37042572316805 2.1661784244619646 Yellow
43.23135723015622 70.36331487605338 -0.6276577712096021 Purple
76.59092222874281 37.26936488874659 -2.2702556968760987 Blue
61.72426412972635 68.37094352070008 0.8605570012994426 Red
33.394263710401276 42.29153604149529 0.5408295781780026 Red
32.233625893713146 128.69353771216072 -0.9263416779025985 Blue
74.63958270473678 37.88607701514955 -1.7013578693165288 Blue
88.97084188928721 97.8114380728206 2.144314911658194 Yellow
91.13487704085156 32.3410867285995 2.4602357318988544 Tan
38.9731498066728 24.141394797621917 -2.406627134344679 Green
84.41720146703824 52.044067040549514 3.1360884411056373 Green
15.077603301011063 48.30737618163753 -0.9987133134558884 Blue
59.35075109356531 65.24996202538924 0.08139939827995177 Red
72.46988553148486 24.834661585050032 -2.4313953600756966 Green
74.68188175577988 40.69675776275008 -2.2752207751867504 Blue
80.86287819857138 100.33589989666439 2.443239785357061 Green
65.82132965585426 53.6891518786772 2.844045415925964 Green
85.7067106293163 105.92053908282097 2.322756948395103 Green
45.200819943078216 29.975370988524613 0.1987512932940595 Purple
32.10371030913964 57.758731909487395 0.1843362819163491 Red
64.96775746910805 33.75375823647245 -2.9193555822977046 Green
76.20842501526135 41.676496466562526 -2.3084528789903294 Blue
54.792918833127075 56.03177158705069 -1.4666216234817866 Blue
10.903537070241686 62.382215702176666 -0.9493685672564646 Blue
78.94393092765561 32.01666872097958 -3.082726538095347 Green
12.315400109394478 28.282222296959507 -1.2826984108550494 Dark
16.901328535692947 17.359290565040993 -0.6444600830702675 Dark
82.59868715723917 36.302523147751266 -2.3287982098423012 Blue
62.36515035667077 26.12096812863551 -2.2706310883034817 Green
50.2955882861564 30.60121809866139 1.6388277496038 Brown
70.89064738884719 35.71901034177368 1.376658835459756 Tan
58.02615127419742 76.75138910400739 0.8795461344854862 Orange
71.85738045625529 41.52098699396184 -2.0203649515336553 Blue
81.38856382320819 17.31860168710465 -2.558327179680264 Gray
81.59948005565887 43.36206845764411 -2.5316827590774107 Blue
50.03033374789214 22.251660560276342 -2.3816387051941996 Slate
40.800693284526425 55.37652230166708 -1.2689021729449288 Blue
58.34929738780869 77.48820098453118 -0.3639619094552623 Purple
77.54645836785801 74.01691701577057 2.466868262778622 Green
7.673904270670395 18.49111648984822 0.6911683020655781 Black
74.26738861928143 40.98829451226812 -2.2793803032362696 Blue
61.65765541427858 61.637448521598145 0.13081768440156394 Pink
27.35668728666971 44.9512062253825 -0.4314032219740064 Gray
54.13328827795695 113.20176981512394 -0.6357011936860153 Purple
76.75504638818401 77.529979829396 1.8186889916063014 Muddy
83.57100789703668 62.64486475277881 1.8356984408558463 Tan
77.71736688194527 59.37577331656978 2.8034205789012745 Green
74.5164505194079 50.67225271198848 2.546267285486259 Green
50.81562128782252 36.19505945362288 1.193585959646677 Brown
77.48700278390105 72.66766226814224 1.6289555083953262 Orange
28.41750771742842 72.15893049744555 -1.0702974486753027 Blue
90.18708596898107 46.56135085888714 1.6496340966150802 Tan
58.21184998059711 103.31249916212892 -0.6184852102523303 Purple
51.33650902270047 29.950728260289097 -3.0567667044249776 Green
70.01005073704525 51.05649561272151 1.1925071324926972 Tan
12.979419482033784 17.75964728991558 -1.5827883289767306 Black
58.299959460472806 19.718330773558474 -2.877644633857094 Gray
55.76212640472973 13.557132755638216 1.3508798899386498 Brown
80.67877074358591 40.828478038756614 -2.3778294691937782 Blue
56.55383857866731 33.36214498540257 -2.149702367371841 Green
52.50953085024844 37.33205835043904 1.8177393743413512 Brown
79.87851168466898 14.055860349006018 1.5785181131759778 Tan
78.32539387122505 17.321862738914888 -1.3530504323418922 Blue
27.919024199794748 83.97686800321938 -1.0252717796447288 Blue
58.273247092128756 55.75096626134881 1.1663091746453635 Orange
35.602519181110004 30.221102245835336 1.832375825285975 Brown
76.62392199755968 28.15981371489709 -2.3135521792750087 Blue
32.60636312766471 62.447601992480365 0.5053014219056122 Red
66.62944750252423 90.75140960101969 2.401437498706421 Green
71.4517920423556 28.4923488191512 0.6596694673208758 Pink
26.708558437145065 45.234465889237356 0.8185415296599624 Brown
76.38975281843685 43.96790473111532 -2.9313244027986434 Green
63.10935459253426 45.89209863987595 -1.2283239438607465 Blue
56.24846352145582 59.35935020251583 0.267705158489281 Red
47.44501013848573 49.15132003671145 0.6593921883954312 Brown
82.77611697915874 41.577236702179505 -2.5853556438348937 Blue
88.66630958566849 28.266238379270487 -2.931985882773435 Green
76.28363669560676 24.24843078984424 -1.9407485001866895 Blue
65.73442471904664 56.87436993152913 -0.2628625665966328 Purple
38.932258212174034 83.77609709732565 -0.9740609791657672 Blue
88.1060078432871 50.315584874822605 3.1210508395297945 Green
49.16819147812542 32.405950998789244 -1.8447453368625673 Blue
55.81021912558633 80.1457114073423 0.34077972445564964 Red
77.82840752870698 92.82994643911357 2.4729357422153395 Green
70.63987315913559 83.31638262011808 2.433476400227745 Green
56.701605390024284 59.45328099872144 2.5971078443452154 Green
71.42287633648718 26.192928650664424 1.0373781996947211 Pink
56.78058335309406 56.07959560161178 0.4840771341520047 Red
37.87988199964329 92.62275227196868 -1.0630590835907845 Blue
64.84581064074649 45.15754384687905 0.34879240151654745 Pink
77.09056859425628 51.9350015691807 2.216802027950626 Green
27.87057018468728 61.877858213087336 -0.5666733389758818 Purple
45.06314170784055 86.0860731192011 -1.1429350856963456 Blue
73.02022493074084 25.749852120391576 -2.447362602149046 Green
49.000306116295434 57.972466144547134 -1.1957979889797046 Blue
29.301186350422128 83.6149175531532 -1.03479275603822 Blue
68.82441153430491 36.91703589314308 -2.606259258985771 Green
62.29214625273505 27.641115622836605 -1.6325171651299115 Blue
43.396493107313994 37.51786896181849 -1.6755327810567788 Blue
54.9099226303467 27.262256761223252 -1.4464427878416872 Blue
79.3629113624381 61.728756290648526 2.8360836823051274 Green
30.605019401100016 21.547024661724734 -2.960918016223073 Slate
82.41514151004047 38.879420882772 2.364940485392956 Tan
40.03549993169047 14.982101365147342 1.649245927083209 Tan
76.75325764332818 41.87344787833099 -2.812788652315504 Blue
86.49088783766886 55.6098253990233 2.501154431044845 Tan
38.26473839602962 69.22937704372653 0.4513056078980118 Red
83.72750008718623 48.73557953468353 -2.9903105092606777 Green
70.4763128625246 24.22754180032222 1.4534358591291827 Pink
93.39875928520874 54.2375037647984 1.771647081752218 Yellow
37.54975386726769 44.94976228163152 1.2523410204609986 Brown
53.79393435666071 53.59474469038007 -1.4919728989748884 Blue
50.734415826478454 82.01069272357385 0.32645795204292793 Red
42.45873958026429 96.33632474255386 -0.8033673637482504 Purple
41.11619288096016 73.21884540273112 0.5307115797279995 Red
33.14663160370085 59.378859921307885 -0.2865167813679571 Purple
73.84285769977768 80.49141239177203 2.2022018605428766 Green
79.60887963380488 17.65497177289898 0.25924663154706573 Gray
34.113543459104584 49.010698752593065 0.6804650582935148 Red
79.64395621594039 18.001716100699007 3.0437800729435365 Gray
41.0176409062232 59.790695437165105 0.6054200730520255 Red
52.219276959467166 75.96511864765336 2.39034732345418 Green
6.296922635346796 7.5556190275418995 0.02890701221559578 Black
64.237480939062 68.49012586101976 1.3327181629534168 Orange
53.470216305599436 86.95232299425943 -0.5234413020617792 Purple
40.29380871322843 19.78815625910059 -2.4747602633485517 Green
68.76227811527487 14.854989467514462 -1.2245542862382797 Gray
26.79533774557909 16.95230356160238 -2.59471507528196 Gray
51.17581277442966 52.74379331758212 -1.481461573947593 Blue
40.97407608206919 69.01703560281365 0.4610487371779579 Red
53.78974261132066 29.732608497049053 -2.696956299046951 Green
27.499659671251216 23.742759591607427 2.500315813813237 Brown
53.91165448914852 28.321788828840234 -2.0988284313356234 Blue
11.009816870655964 26.2478184014033 -0.09313752817156039 Black
65.39956551480608 38.965311093492375 -2.1173554981896077 Blue
91.80575401591283 90.57046984114758 2.0415485787548207 Yellow
83.12636890037766 83.68518191762318 1.5213110248756507 Orange
57.4459113334853 48.793052235856834 -1.3893500857875143 Blue
62.52348951587531 65.54883982894157 1.5221892629740945 Orange
55.70053256517534 67.8010414643842 0.9642717885585477 Red
17.08699668689934 32.77911077546853 0.1281790085608564 Black
91.12260409534991 6.569989757326486 1.036199098304703 Gray
41.41750956851823 83.7742265456389 -0.6032760249831723 Blue
49.47500245977329 76.07415512508933 -1.0631789425858398 Blue
88.12776205280171 43.53990263928777 1.7992205178676666 Tan
28.866611312086206 120.0893688582808 -0.9424057972264952 Blue
19.60965793041317 42.64103881545387 0.5768554788434526 Red
69.00334648042677 48.19869616525706 0.7785616512603291 Pink
85.70512381823946 40.593123111662585 1.6322883519299034 Tan
70.47447897267345 48.24148117244292 0.8192461661485912 Tan
50.77119507970872 109.10177863437121 -0.6567873988489046 Purple
47.34788698348739 61.8924641248633 1.0020084657204875 Brown
48.60806097974546 55.465163314055914 2.2682621666763216 Green
58.297633455097454 40.47321427500257 -1.7655004707350597 Blue
83.61576164199988 19.524724148505133 -0.3219727216328324 Gray
22.76248183005667 74.32320835165736 -1.0236245217974966 Blue
63.63135439703173 63.3558664802502 1.4196974096265818 Orange
89.22202592550684 46.48451855706939 -2.9065233421787005 Green
46.50367619893228 23.45966440277963 2.3414371859851455 Muddy
42.550524818122874 45.87946304234088 1.334671246605498 Brown
88.94114452735852 13.876622001206742 -2.6898716935582057 Blue
42.96412155867285 44.99395669707372 0.3527796897136264 Purple
46.714814967597675 52.91219149273806 0.13883337000084 Purple
64.88538260200461 15.961341002615011 -2.2931811609796444 Green
74.09662002058833 33.509210612593115 0.9712226644258264 Tan
68.79042699821301 17.099562477915907 2.4322325902403428 Tan
71.13163136638316 54.0976107899661 1.2195682550830598 Orange
28.566679216993002 23.160138240086308 2.879305979288012 Dark
81.10439778944348 19.187593725595963 1.485985462159162 Tan
44.30346882070765 70.15647841707822 -0.6522504826383465 Purple
67.56147694184425 43.82150210436921 2.936702931621195 Green
27.562852746016283 37.314447698513874 -0.25319680323975985 Purple
37.550793707227434 77.34005886226433 0.6719402202389206 Red
81.3695204180166 34.14845462006301 -2.6206221362237576 Blue
61.90338769831108 51.107376217641665 -0.3755744339736069 Purple
46.22111217446791 26.842508053571507 -2.608098643711129 Green
41.473583594035915 20.685756581865512 -2.221518677832785 Blue
56.08854375427664 95.52062874481304 -0.3738965806807967 Purple
70.76645285711338 27.9219394663323 -2.3466058283602695 Green
75.73430008973656 50.00897126105759 3.064465581443287 Green
59.74104834790154 94.43958151642131 -0.6954733382433471 Purple
74.50108960352891 55.55844442994685 2.8534042259135672 Green
43.647921626935485 81.49024591505182 0.7551822143854546 Red
29.527151935486273 22.685219902418076 2.8389062144542567 Brown
74.92740782571202 14.317347360268249 3.005835518011244 Slate
50.412892582608706 31.35722179402519 2.3384419466912005 Dark
22.88895153620581 48.38332391145153 0.5097164904986643 Red
60.69132696908734 84.5511961634194 2.3967790695647153 Green
54.177951400716324 45.98083496187604 2.7546718953854574 Green
68.07303572440208 66.41882611506749 -0.34933203376979993 Purple
43.44359844187311 52.491989460840806 0.9152148252659992 Brown
40.559303656309694 67.50879064962841 0.18781850923424986 Purple
37.47663676446708 18.16438593050727 -2.6533100086966996 Green
67.32864428409313 37.92388632077826 -2.7947349933879027 Green
69.69428759479376 44.81361994444706 -1.9031717613886876 Blue
69.8229099814992 53.752815383940785 1.4331647591807828 Orange
29.75091517329335 21.33787927365452 0.03731825413290114 Purple
76.54979425277514 73.26742759980122 1.463173516764662 Orange
72.42204390159694 42.43908101453263 -1.1558863347292823 Blue
36.22503385265713 44.160850564969486 2.0861040598719134 Green
84.19120367328838 103.85067909465255 2.3194964526222126 Green
35.29069836949939 44.352447282580606 0.36363029956023707 Red
62.55241134813525 25.430846519986115 -1.5327556937108566 Blue
42.18206903047016 48.6305652014968 0.46769235003940013 Red
36.17645282905007 50.279503674385055 1.0627317129935987 Brown
85.21675579380218 101.47612551904446 2.3750787358467225 Green
82.33342852582781 78.4309971077056 1.7108147229421484 Yellow
81.04430931658284 93.9468318132894 2.489545923633207 Green
57.62338258895569 40.78845786035769 -1.8035893213577228 Blue
83.58801655038363 13.804534719130011 -1.508246964209977 Blue
81.97818512139936 38.09699066932057 -2.4210731933622727 Blue
54.0184116072366 54.80157348845422 1.8028775240677128 Muddy
85.7534917396122 57.03839948476777 2.8600278937211945 Green
90.0497016494373 34.63898015606874 1.7616325931051482 Tan
46.069510120141565 62.39589006593753 1.059241703354943 Orange
61.71511787539788 57.31906027163436 -0.19766802353302565 Purple
57.31632740473469 61.012683205912076 -1.3320053104478 Blue
37.551489999023744 35.84889375323122 -1.47220862095604 Blue
29.006747846901213 56.787042713703414 0.5208114232379933 Red
43.607951381780154 39.64496996784225 -0.21558551370487317 Purple
53.067444566964426 71.83092796099518 2.4273232288108395 Green
7.534445484291847 35.589534414240624 -1.029336773482807 Blue
36.71969465547239 59.26873822282379 -1.2334052811404983 Blue
71.34163528779416 44.86006063790195 -3.0966576624093416 Green
59.79273741374034 26.751497011265688 1.0245108964844305 Tan
87.92954701567614 23.09592185468013 1.374253671051949 Tan
83.55902433365661 64.24539902348792 2.7577445190219194 Green
30.93115084635064 78.95872210248662 -1.0383537476820104 Blue
75.94211528644792 96.54051152633077 2.42280100683705 Green
59.82173054078261 30.499227486055318 -2.2932930744614293 Cyan
59.43921572353675 84.00881526806728 0.8550928492401652 Red
59.48140741177821 29.025304085508765 -2.77247322292829 Green
63.87663838550279 33.14255231281887 1.076427442030564 Tan
65.24870678374435 24.511352834455206 0.6608401428639039 Tan
48.23167906972323 76.7039947896399 0.2800291716311962 Red
76.54866762118871 81.39199210417793 1.3504458451548689 Orange
42.185925794753736 32.433346896890534 -1.8030889317353282 Blue
76.54557547696652 90.04828824958054 2.181472280004967 Green
40.40957697378414 34.421174157721275 -1.431819745327073 Blue
38.30273195361408 43.34071021438973 2.0266736191399986 Brown
71.24607927665139 63.374735848570005 1.799968866683943 Brown
79.29509253284127 56.95141440726412 2.9360656195915684 Green
80.62397560789393 4.878991381805294 0.9301356476580006 Gray
36.17581171197635 61.15611370068556 -0.9184113786167015 Blue
59.5917164614942 42.79627296482692 2.979315095941452 Green
45.99995015123073 69.18968511348442 0.4146185596439129 Red
67.61480616279422 41.365285391083376 -1.8230145641975342 Blue
51.865624842372526 2.7903379754440976 -2.5808748212589583 Gray
43.048616953772616 40.2925840829553 1.2847400436994527 Brown
48.01808579477212 74.85580193725481 0.366711997370072 Red
58.644042894904445 69.2737170183976 -0.2631044225532807 Purple
75.3412031722535 53.116981809255925 1.9388820992640796 Tan
82.75704797135323 45.902667161235364 -2.9108595752612683 Green
78.31024102529662 20.566123356948616 -2.5739592453635716 Green
64.30959256757983 34.438747498617104 0.11624214147261411 Pink
12.261971613514394 70.91754783957994 -0.9309603728407498 Blue
20.965392142690305 30.81844319284559 -1.349625356584088 Blue
40.943832221298756 65.79994532979056 0.1609099695859733 Red
71.73739295918472 46.283813024799514 -0.17484144877479924 Pink
81.82594460167495 28.1390191966825 -2.2520583389850977 Blue
77.38518983903292 39.74287441790723 -2.5988101647180377 Cyan
45.40132138880244 75.49376734028861 -0.1811067666840055 Purple
75.9002277148221 19.531442061080384 0.5994327430997258 Tan
51.103649008949404 72.36727754266192 -0.1325448094486052 Purple
51.3574671585894 17.282018597457842 -2.504543947716307 Green
68.70566964150085 58.19484358483114 2.113970344323068 Green
55.33349847762999 40.275990234393 -1.5046101488878034 Blue
67.82206777493298 38.921000198305094 2.9547741267020813 Green
46.908601971151334 38.38431826329609 -0.0566128641755078 Purple
32.992290140025084 59.35848124532235 -0.5168012608079366 Purple
49.87620132551204 55.787482949561515 -1.4158238178609248 Blue
53.84911689666923 70.46292208784419 1.0418409100213162 Orange
55.93005670514857 36.80979118339121 -0.9591680038067419 Blue
37.22294125185106 40.7265531604511 1.2028053929159501 Brown
60.20758660749897 28.7583536083209 -2.8713341728461526 Green
50.0427276267458 29.12713294163357 1.4294234344879344 Brown
59.83064950167153 43.22613692968995 2.4328054919744044 Green
81.24477715521917 41.687720456658525 -2.639591447771892 Blue
84.4271360640288 44.47479967464585 -2.5924983761795666 Blue
87.6688677514646 47.92303985021303 -2.851224726477936 Green
74.86385460188981 67.93827736045795 1.5099110480315874 Orange
39.510875452353986 64.84459794298151 -0.423599676090301 Purple
42.00467387316845 64.01188048165162 -1.2516279782356974 Blue
36.26260952231904 20.144424919766887 -2.4087242177343793 Slate
38.027206347167244 73.85182653117043 -0.8244597131020491 Purple
43.58510062384766 63.1248485219814 -0.36556712393353163 Purple
45.554032921263904 70.65820348540967 -0.8257686308028663 Purple
59.04567158121753 61.500081898187524 2.177214851735825 Green
45.41399248539191 90.85824510063733 -1.0867158467943092 Blue
63.893157023463104 47.07643584939124 2.9355606509243923 Green
56.07014561899328 65.17344329466883 -1.027241582526813 Blue
69.58502356603384 24.44114632272126 -1.9637098032071427 Blue
71.29153149261764 38.76447785983033 0.5393431647100454 Pink
59.606883927988775 104.47103805418048 -0.596251291254055 Purple
65.01914358786418 67.12896746241147 1.4167372752097371 Muddy
74.73534213647733 44.740832267705535 1.1717124293305226 Tan
44.10140350662855 51.9030257038205 -1.1217436859651477 Blue
59.29440639444928 22.21697308086891 -2.3639622762830372 Green
46.01652633186994 33.168287609630575 -1.7570771807789916 Blue
60.28662002695599 86.35910468530665 -0.41960433266694686 Purple
47.11372282823486 73.18773283762962 -0.22738996756107038 Purple
74.5430224091275 83.24418558564527 2.147752090367831 Green
60.41137002931991 25.805789935323613 2.798730867125066 Green
67.69343987644551 75.79687196447897 2.336576960818391 Green
51.973118440905836 12.025622148684269 -2.9065996017029825 Gray
61.850239473422675 81.44850333909788 -0.35326561671414025 Purple
93.0839035219162 76.41982808938093 1.8762963107632915 Yellow
59.193414775460724 25.507168754774423 -1.7413107744338197 Green
59.466747347446955 59.935196246965305 -0.24786891175805742 Purple
78.82025719293019 35.238777542289704 -2.8153543431948718 Green
81.65634598333085 16.592732301300778 -0.23298481912188929 Gray
73.90128110693875 38.185461483134155 -2.1183579718543246 Blue
46.88188141273014 14.297170621888958 -1.813768274732229 Gray
31.942929169595004 44.43934033488607 2.349870093628417 Green
74.37920913400207 21.056783534264547 -1.9546799180359344 Blue
83.47592642363266 3.989653037966654 -1.8691870879024095 Gray
66.09477283390387 32.76352722153026 -1.532325270415234 Blue
26.968586235096126 53.50798691986214 0.3884408359584115 Red
41.61015963791381 105.72571357669791 -0.85644282318537 Blue
32.41602970166446 74.23538713457157 -0.630838670328238 Purple
72.27157763322323 57.17846681523022 2.7303482124236735 Green
74.98945320550422 29.397036411996044 -2.0288324564466595 Blue
40.37771284639669 61.792367203647935 0.11267907908445256 Purple
50.476862444040876 54.62229138074224 0.9343512849667434 Orange
21.06604273909715 18.636881596729612 0.362024920243165 Brown
67.12621232732835 34.928691388624436 0.7020879421138762 Tan
33.69816217566372 107.30591160946173 -0.9839896315946177 Blue
36.786222990571 66.56443684133674 0.729363359931063 Red
43.32309478841564 82.13706593077295 0.7107168592187759 Red
71.37969708664804 35.100367915597324 -2.200595478168907 Blue
28.062657614257695 87.98613083629051 -0.8337803683410974 Blue
11.066941458730184 47.72281569198858 -0.7763847843711893 Dark
68.05216339093388 39.914964350169505 -2.9539407901725374 Green
23.074441103366553 27.47415543216128 1.4422823863918581 Brown
86.90473133010278 43.70621736356378 -2.872919530763493 Green
69.70592477596348 74.26266071482907 1.2902919895042597 Orange
41.88874026232448 23.351750341872666 -2.701369352242544 Green
38.77587207323413 43.689653481459466 1.0303829556762882 Brown
53.59886046770967 59.16923407528854 0.9276828259269967 Red
