-3.15 527
-3.14 3371
-3.13 3225
-3.12 3167
-3.11 3249
-3.1 3337
-3.09 3255
-3.08 3078
-3.07 3203
-3.06 3077
-3.05 3119
-3.04 3043
-3.03 3047
-3.02 3100
-3.01 2946
-3 2993
-2.99 3000
-2.98 2919
-2.97 2881
-2.96 2893
-2.95 2849
-2.94 2963
-2.93 2869
-2.92 2874
-2.91 2846
-2.9 2689
-2.89 2728
-2.88 2907
-2.87 2490
-2.86 3244
-2.85 2251
-2.84 2628
-2.83 2901
-2.82 2948
-2.81 2861
-2.8 2503
-2.79 2575
-2.78 2404
-2.77 2517
-2.76 2415
-2.75 2485
-2.74 2411
-2.73 2421
-2.72 2385
-2.71 2322
-2.7 2310
-2.69 2289
-2.68 2310
-2.67 2313
-2.66 2170
-2.65 2251
-2.64 2214
-2.63 2205
-2.62 2170
-2.61 2096
-2.6 2241
-2.59 2155
-2.58 2095
-2.57 2236
-2.56 2049
-2.55 2046
-2.54 2074
-2.53 1991
-2.52 2115
-2.51 2014
-2.5 1978
-2.49 2132
-2.48 2065
-2.47 1998
-2.46 2006
-2.45 2125
-2.44 1975
-2.43 2004
-2.42 1965
-2.41 1906
-2.4 2006
-2.39 1931
-2.38 1953
-2.37 1984
-2.36 1977
-2.35 2035
-2.34 1998
-2.33 1826
-2.32 1972
-2.31 1947
-2.3 1879
-2.29 1829
-2.28 1917
-2.27 1956
-2.26 1860
-2.25 1828
-2.24 1939
-2.23 1948
-2.22 1932
-2.21 1926
-2.2 1976
-2.19 1880
-2.18 1872
-2.17 1873
-2.16 2146
-2.15 1934
-2.14 1959
-2.13 1943
-2.12 1960
-2.11 1928
-2.1 2059
-2.09 1961
-2.08 1970
-2.07 2005
-2.06 1964
-2.05 1942
-2.04 1939
-2.03 1959
-2.02 2071
-2.01 2034
-2 2006
-1.99 2036
-1.98 2051
-1.97 1988
-1.96 2002
-1.95 2019
-1.94 2043
-1.93 2146
-1.92 2100
-1.91 2085
-1.9 2083
-1.89 2202
-1.88 2085
-1.87 2286
-1.86 2215
-1.85 2121
-1.84 2145
-1.83 2206
-1.82 2456
-1.81 2470
-1.8 2314
-1.79 2305
-1.78 2297
-1.77 2273
-1.76 2311
-1.75 2385
-1.74 2410
-1.73 2456
-1.72 2467
-1.71 2438
-1.7 2491
-1.69 2515
-1.68 2557
-1.67 2600
-1.66 2590
-1.65 2686
-1.64 2766
-1.63 2798
-1.62 2724
-1.61 2831
-1.6 2863
-1.59 2885
-1.58 2859
-1.57 2951
-1.56 3004
-1.55 3024
-1.54 3248
-1.53 3054
-1.52 3051
-1.51 3207
-1.5 3188
-1.49 3243
-1.48 3308
-1.47 3551
-1.46 3356
-1.45 3581
-1.44 3747
-1.43 3703
-1.42 3638
-1.41 3721
-1.4 3806
-1.39 3852
-1.38 4116
-1.37 4016
-1.36 4099
-1.35 4252
-1.34 4293
-1.33 4439
-1.32 4546
-1.31 4517
-1.3 4652
-1.29 4832
-1.28 5036
-1.27 5000
-1.26 5302
-1.25 5309
-1.24 5341
-1.23 5525
-1.22 5894
-1.21 6115
-1.2 6140
-1.19 6071
-1.18 6240
-1.17 6637
-1.16 6803
-1.15 6919
-1.14 7272
-1.13 7403
-1.12 7702
-1.11 8009
-1.1 8393
-1.09 8537
-1.08 8935
-1.07 9275
-1.06 9698
-1.05 9976
-1.04 10217
-1.03 11006
-1.02 11482
-1.01 12206
-1 12920
-0.99 14176
-0.98 15213
-0.97 16292
-0.96 18722
-0.95 22031
-0.94 22879
-0.93 18408
-0.92 16671
-0.91 15426
-0.9 14471
-0.89 13971
-0.88 13105
-0.87 12816
-0.86 12488
-0.85 12298
-0.84 11869
-0.83 11700
-0.82 11498
-0.81 11616
-0.8 11188
-0.79 11346
-0.78 10800
-0.77 10844
-0.76 10819
-0.75 10743
-0.74 10693
-0.73 10576
-0.72 10518
-0.71 10386
-0.7 10440
-0.69 10544
-0.68 10347
-0.67 10267
-0.66 10021
-0.65 10181
-0.64 9985
-0.63 10038
-0.62 10453
-0.61 10201
-0.6 9971
-0.59 10086
-0.58 10056
-0.57 10033
-0.56 9673
-0.55 9560
-0.54 9164
-0.53 9133
-0.52 8751
-0.51 8464
-0.5 8300
-0.49 8143
-0.48 7966
-0.47 7951
-0.46 7578
-0.45 7287
-0.44 7229
-0.43 7211
-0.42 7024
-0.41 6811
-0.4 6718
-0.39 6632
-0.38 6271
-0.37 6228
-0.36 6162
-0.35 6116
-0.34 5846
-0.33 5758
-0.32 5730
-0.31 5736
-0.3 5692
-0.29 5617
-0.28 5358
-0.27 5321
-0.26 5116
-0.25 5153
-0.24 5076
-0.23 5023
-0.22 4856
-0.21 4890
-0.2 4748
-0.19 4737
-0.18 4845
-0.17 4683
-0.16 4660
-0.15 4687
-0.14 4581
-0.13 4473
-0.12 4430
-0.11 4565
-0.1 4521
-0.09 4320
-0.08 4285
-0.07 4250
-0.06 4234
-0.05 4246
-0.04 4232
-0.03 4204
-0.02 4076
-0.01 4116
0 4220
0.01 4138
0.02 4058
0.03 3995
0.04 4176
0.05 4007
0.06 4161
0.07 3946
0.08 3903
0.09 3954
0.1 3927
0.11 3947
0.12 3941
0.13 4015
0.14 3936
0.15 3926
0.16 3890
0.17 3940
0.18 3954
0.19 3977
0.2 3860
0.21 3926
0.22 4028
0.23 3998
0.24 3915
0.25 3954
0.26 3888
0.27 4044
0.28 3935
0.29 3998
0.3 3990
0.31 3986
0.32 4094
0.33 4234
0.34 4310
0.35 4294
0.36 4147
0.37 3980
0.38 3835
0.39 4153
0.4 4339
0.41 4098
0.42 4375
0.43 4312
0.44 4410
0.45 4359
0.46 4527
0.47 4562
0.48 4547
0.49 4744
0.5 4554
0.51 4683
0.52 4811
0.53 4688
0.54 4994
0.55 5089
0.56 5090
0.57 5369
0.58 5262
0.59 5508
0.6 5578
0.61 5879
0.62 5920
0.63 6014
0.64 6228
0.65 6382
0.66 6784
0.67 6834
0.68 7470
0.69 7439
0.7 7011
0.71 6451
0.72 6064
0.73 5536
0.74 5402
0.75 5225
0.76 5085
0.77 4794
0.78 4852
0.79 4565
0.8 4506
0.81 4552
0.82 4433
0.83 4346
0.84 4268
0.85 4070
0.86 4188
0.87 4065
0.88 3928
0.89 3960
0.9 3897
0.91 3966
0.92 3969
0.93 3765
0.94 3790
0.95 3887
0.96 3886
0.97 3678
0.98 3736
0.99 3659
1 3558
1.01 3635
1.02 3611
1.03 3659
1.04 3591
1.05 3596
1.06 3542
1.07 3480
1.08 3397
1.09 3431
1.1 3481
1.11 3390
1.12 3448
1.13 3484
1.14 3374
1.15 3375
1.16 3390
1.17 3444
1.18 3363
1.19 3603
1.2 3490
1.21 3471
1.22 3462
1.23 3381
1.24 3522
1.25 3383
1.26 3513
1.27 3488
1.28 3625
1.29 3643
1.3 3543
1.31 3503
1.32 3526
1.33 3560
1.34 3591
1.35 3680
1.36 3543
1.37 3665
1.38 3596
1.39 3737
1.4 3654
1.41 3761
1.42 3700
1.43 3795
1.44 3773
1.45 3948
1.46 3852
1.47 3874
1.48 3860
1.49 3914
1.5 3982
1.51 4104
1.52 4058
1.53 3975
1.54 4077
1.55 4078
1.56 4156
1.57 4421
1.58 4270
1.59 4357
1.6 4503
1.61 4445
1.62 4519
1.63 4565
1.64 4644
1.65 4703
1.66 4796
1.67 4960
1.68 4958
1.69 5013
1.7 5043
1.71 5255
1.72 5400
1.73 5490
1.74 5504
1.75 5713
1.76 5571
1.77 5832
1.78 5983
1.79 6084
1.8 6297
1.81 6350
1.82 6212
1.83 6307
1.84 6439
1.85 6349
1.86 6443
1.87 6522
1.88 6310
1.89 6343
1.9 6645
1.91 6982
1.92 6388
1.93 6329
1.94 6452
1.95 6622
1.96 6628
1.97 6721
1.98 6680
1.99 6720
2 6855
2.01 6788
2.02 6956
2.03 7033
2.04 7174
2.05 7021
2.06 7381
2.07 7358
2.08 7441
2.09 7546
2.1 7613
2.11 7681
2.12 7930
2.13 7886
2.14 8205
2.15 8375
2.16 8500
2.17 8420
2.18 8688
2.19 8920
2.2 9382
2.21 9301
2.22 9673
2.23 9485
2.24 10385
2.25 10386
2.26 10580
2.27 11129
2.28 11518
2.29 11827
2.3 12553
2.31 13047
2.32 13772
2.33 14748
2.34 16267
2.35 17804
2.36 20970
2.37 25545
2.38 21505
2.39 18722
2.4 16998
2.41 15792
2.42 14783
2.43 14190
2.44 13319
2.45 12470
2.46 12196
2.47 11584
2.48 11237
2.49 10731
2.5 10676
2.51 10359
2.52 9634
2.53 9567
2.54 9238
2.55 9143
2.56 8622
2.57 8326
2.58 8127
2.59 8183
2.6 7710
2.61 7597
2.62 7373
2.63 7160
2.64 7143
2.65 7092
2.66 6926
2.67 6695
2.68 6483
2.69 6439
2.7 6244
2.71 6166
2.72 5861
2.73 5982
2.74 5797
2.75 5710
2.76 5630
2.77 5490
2.78 5416
2.79 5226
2.8 5102
2.81 5235
2.82 4987
2.83 4998
2.84 4988
2.85 4847
2.86 4612
2.87 4737
2.88 4536
2.89 4495
2.9 4455
2.91 4379
2.92 4318
2.93 4348
2.94 4101
2.95 4185
2.96 4054
2.97 4115
2.98 3913
2.99 3916
3 3837
3.01 3829
3.02 3831
3.03 3738
3.04 3701
3.05 3613
3.06 3539
3.07 3574
3.08 3389
3.09 3596
3.1 3412
3.11 3497
3.12 3432
3.13 3409
3.14 546
